#----------------------------------------------------------
#THIS SECTION CHECKED IN DETAIL BY: Håkan Nilsson, Chalmers
#----------------------------------------------------------
#AXIAL RMS VELOCITIES (M/S)
#REYNOLDS NO = 30000
#SWIRL NO = 0.60
#                                                     x / D
#R/R2   -2.00  -0.50   0.25   0.50   0.75   1.00   1.50   2.00   3.00   4.00   6.00   8.00  10.00
#************************************************************************************************
0.95     NaN    NaN   0.079  0.108  0.123  0.145  0.127  0.088  0.056  0.041  0.030  0.027  0.024
0.90    0.084  0.091  0.084  0.111  0.136  0.160  0.118  0.093  0.055  0.038  0.029  0.025  0.021
0.80    0.077  0.075  0.069  0.118  0.157  0.162  0.126  0.087  0.049  0.035  0.023  0.020  0.019
0.70    0.077  0.077  0.067  0.123  0.145  0.159  0.130  0.084  0.048  0.036  0.023  0.019  0.018
0.60    0.081  0.080  0.115  0.135  0.146  0.171  0.138  0.084  0.047  0.035  0.026  0.019  0.017
0.50    0.081  0.088  0.110  0.153  0.188  0.204  0.131  0.078  0.046  0.037  0.025  0.020  0.019
0.40    0.084  0.102  0.141  0.210  0.244  0.204  0.119  0.081  0.047  0.040  0.028  0.025  0.022
0.30    0.087  0.104  0.182  0.231  0.217  0.165  0.106  0.076  0.051  0.046  0.034  0.028  0.027
0.20    0.100  0.111  0.188  0.207  0.177  0.125  0.089  0.076  0.055  0.051  0.038  0.031  0.032
0.10    0.128  0.121  0.146  0.153  0.135  0.099  0.076  0.071  0.061  0.052  0.045  0.037  0.038
0.00    0.151  0.124  0.105  0.109  0.103  0.086  0.078  0.069  0.066  0.054  0.050  0.041  0.045
-.10    0.124  0.119  0.137  0.134  0.130  0.098  0.080  0.069  0.058  0.053  0.044  0.038  0.037
-.20    0.096  0.112  0.190  0.200  0.162  0.125  0.089  0.074  0.056  0.051  0.040  0.034  0.031
-.30    0.090  0.101  0.186  0.229  0.211  0.169  0.109  0.080  0.048  0.046  0.032  0.030  0.028
-.40    0.082  0.096  0.140  0.223  0.238  0.198  0.124  0.076  0.047  0.040  0.027  0.024  0.023
-.50    0.077  0.085  0.123  0.171  0.213  0.213  0.131  0.079  0.047  0.037  0.024  0.020  0.019
-.60    0.069  0.074  0.097  0.134  0.151  0.175  0.140  0.082  0.048  0.036  0.024  0.020  0.018
-.70    0.072  0.071  0.070  0.124  0.144  0.157  0.131  0.084  0.048  0.033  0.022  0.018  0.016
-.80    0.079  0.071  0.070  0.117  0.154  0.170  0.125  0.083  0.050  0.035  0.024  0.020  0.018
-.90    0.093  O.O79  0.081  0.110  0.135  0.155  0.121  0.090  0.054  0.039  0.027  0.022  0.020
-.95     NaN    NaN   0.078  0.112  0.128  0.142  0.118  0.097  0.053  0.039  0.030  0.035  0.022
