#----------------------------------------------------------
#THIS SECTION CHECKED IN DETAIL BY: Håkan Nilsson, Chalmers
#----------------------------------------------------------
#AXIAL MEAN VELOCITIES (M/S)
#REYNOLDS NO = 30000
#SWIRL NO = 0.60
#                                                     x / D
#R/R2   -2.00  -0.50   0.25   0.50   0.75   1.00   1.50   2.00   3.00   4.00   6.00   8.00  10.00
#************************************************************************************************
0.95     NaN    NaN  -0.024 -0.155 -0.172 -0.065  0.130  0.174  0.149  0.131  0.135  0.131  0.129
0.90    0.499  0.498 -0.044 -0.140 -0.117 -0.031  0.148  0.173  0.160  0.146  0.141  0.143  0.139
0.80    0.538  0.544 -0.028 -0.022  0.083  0.150  0.171  0.169  0.149  0.143  0.145  0.144  0.145
O.7O    0.524  0.548  0.000  0.162  0.291  0.275  0.190  0.149  0.138  0.137  0.145  0.144  0.145
0.60    0.510  0.521  0.107  0.366  0.413  0.338  0.158  0.119  0.123  0.132  0.136  0.137  0.145
0.50    0.457  0.458  0.568  0.511  0.434  0.285  0.112  0.086  0.107  0.121  0.122  0.125  0.131
0.40    0.384  0.366  0.529  0.412  0.234  0.138  0.043  0.069  0.089  0.105  0.104  0.100  0.106
0.30    0.310  0.289  0.332  0.169  0.027 -0.024 -0.003  0.032  0.071  0.075  0.070  0.072  0.070
0.20    0.224  0.225  0.133  0.002 -0.102 -0.122 -0.047  0.000  0.035  0.039  0.031  0.034  0.025
0.10    0.168  0.172  0.002 -0.077 -0.154 -0.154 -0.094 -0.038 -0.003 -0.009 -0.012 -0.017 -0.014
0.00    0.163  0.133 -0.038 -0.094 -0.158 -0.174 -0.100 -0.054 -0.021 -0.026 -0.028 -0.037 -0.037
-.10    0.191  0.160 -0.002 -0.086 -0.159 -0.164 -0.091 -0.040 -0.008 -0.014 -0.012 -0.013 -0.026
-.20    0.240  0.204  0.121 -0.035 -0.123 -0.120 -0.060 -0.005  0.029  0.033  0.032  0.030  0.071
-.30    0.318  0.274  0.335  0.124  0.018 -0.036 -0.011  0.035  0.069  0.072  0.073  0.072  0.064
-.40    0.397  0.369  0.535  0.365  0.232  0.103  0.056  0.068  0.089  0.102  0.105  0.101  0.096
-.50    0.466  0.459  0.542  0.504  0.397  0.229  0.115  0.096  0.107  0.120  0.124  0.124  0.123
-.60    0.509  0.513  0.069  0.409  0.420  0.338  0.156  0.115  0.121  0.130  0.137  0.138  0.139
-.70    0.531  0.533  0.002  0.184  0.289  0.292  0.195  0.143  0.137  0.140  0.142  0.144  0.143
-.80    0.529  0.528 -0.028  0.018  0.100  0.157  0.177  0.153  0.149  0.150  0.147  0.145  0.146
-.90    0.483  0.469 -0.032 -0.132 -0.103  0.010  0.133  0.171  0.156  0.150  0.142  0.141  0.141
-.95     NaN    NaN  -0.021 -0.169 -0.173 -0.057  0.131  0.169  0.151  0.141  0.135  0.118  0.131
