#----------------------------------------------------------
#THIS SECTION CHECKED IN DETAIL BY: Håkan Nilsson, Chalmers
#----------------------------------------------------------
#TANGENTIAL RMS VELOCITIES  (M/S)
#REYNOLDS NO = 30000
#SWIRL NO = 0.60
#                                                     x / D
#R/R2   -2.00  -0.50   0.25   0.50   0.75   1.00   1.50   2.00   3.00   4.00   6.00   8.00
#*****************************************************************************************
0.95     NaN    NaN   0.048  0.058  0.083  0.098  0.060  0.054  0.041  0.036  0.027  0.027
0.90    0.100  0.077  0.057  0.085  0.107  0.115  0.091  0.064  0.050  0.038  0.031  0.025
0.80    0.054  0.071  0.065  0.098  0.117  0.121  0.100  0.071  0.045  0.033  0.024  0.023
0.70    0.048  0.078  0.065  0.104  0.115  0.120  0.107  0.069  0.043  0.033  0.024  0.021
0.60    0.053  0.076  0.090  0.101  0.106  0.121  0.106  0.069  0.043  0.032  0.024  0.021
0.50    0.074  0.079  0.091  0.106  0.121  0.133  0.111  0.069  0.043  0.032  0.023  0.023
0.40    0.080  0.092  0.105  0.133  0.136  0.146  0.103  0.067  0.041  0.032  0.025  0.024
0.30    0.089  0.109  0.107  0.128  0.149  0.135  0.096  0.064  0.048  0.039  0.028  0.026
0.20    0.081  0.121  0.118  0.124  0.130  0.120  0.089  0.067  0.052  0.048  0.039  0.035
0.10    0.105  0.161  0.163  0.151  0.112  0.100  0.090  0.086  0.064  0.064  0.057  0.048
0.00    0.154  0.197  0.197  0.179  0.112  0.097  0.093  0.086  0.077  0.074  0.068  0.062
-.10    0.105  0.170  0.167  0.160  0.118  0.107  0.092  0.081  0.073  0.066  0.058  0.052
-.20    0.095  0.129  O.121  0.132  0.137  0.122  0.092  0.071  0.060  0.047  0.039  0.034
-.30    0.090  0.103  0.106  0.127  0.154  0.142  0.096  0.072  0.049  0.037  0.028  0.027
-.40    0.081  0.095  0.109  0.133  0.147  0.147  0.111  0.070  0.042  0.034  0.025  0.026
-.50    0.071  0.091  0.094  0.110  0.124  0.135  0.114  0.073  0.042  0.032  0.023  0.021
-.60    0.055  0.087  0.088  0.100  0.109  0.130  0.112  0.070  0.042  0.032  0.023  0.018
-.70    0.068  0.084  0.061  0.109  0.121  0.121  0.110  0.073  0.039  0.031  0.021  0.022
-.80    0.080  0.086  0.067  0.104  0.124  0.126  0.099  0.070  0.043  0.031  0.023  0.017
-.90    0.104  0.124  0.060  0.090  0.112  0.120  0.094  0.070  0.042  0.031  0.025  0.020  
-.95     NaN    NaN   0.054  0.059  0.087  0.104  0.050  0.077  0.052  0.057  0.038  0.040
