#----------------------------------------------------------
#THIS SECTION CHECKED IN DETAIL BY: Håkan Nilsson, Chalmers
#----------------------------------------------------------
#TANGENTIAL MEAN VELOCITIES  (M/S)
#REYNOLDS NO = 30000
#SWIRL NO = 0.60
#                                                     x / D
#R/R2   -2.00  -0.50   0.25   0.50   0.75   1.00   1.50   2.00   3.00   4.00   6.00   8.00
#*****************************************************************************************
0.95     NaN    NaN  -0.086 -0.042 -0.075 -0.111 -0.071 -0.097 -0.090 -0.104 -0.092 -0.088
0.90   -0.334 -0.322 -0.117 -0.121 -0.108 -0.128 -0.139 -0.108 -0.133 -0.137 -0.138 -0.134
0.80   -0.442 -0.403 -0.138 -0.135 -0.109 -0.156 -0.169 -0.170 -0.177 -0.175 -0.169 -0.156
O.7O   -0.488 -0.452 -0.150 -0.158 -0.147 -0.186 -0.183 -0.177 -0.182 -0.182 -0.180 -0.171
0.60   -0.538 -0.503 -0.184 -0.207 -0.221 -0.242 -0.203 -0.191 -0.187 -0.187 -0.186 -0.183
0.50   -0.563 -0.517 -0.307 -0.276 -0.273 -0.269 -0.209 -0.196 -0.196 -0.192 -0.130 -0.188
0.40   -0.536 -0.496 -0.361 -0.314 -0.295 -0.262 -0.224 -0.203 -0.196 -0.194 -0.193 -0.189
0.30   -0.450 -0.431 -0.359 -0.280 -0.237 -0.205 -0.193 -0.201 -0.193 -0.189 -0.184 -0.184
0.20   -0.358 -0.335 -0.267 -0.196 -0.147 -0.149 -0.174 -0.178 -0.163 -0.154 -0.155 -0.160
0.10   -0.215 -0.181 -0.142 -0.080 -0.063 -0.087 -0.107 -0.110 -0.107 -0.106 -0.101 -0.113
0.00   -0.015  0.004 -0.004 -0.006 -0.001 -0.004 -0.005 -0.000 -0.005 -0.003 -0.016 -0.015
-.10    0.245  0.190  0.126  0.053  0.064  0.088  0.092  0.104  0.089  0.093  0.104  0.096
-.20    0.396  0.335  0.260  0.164  0.138  0.147  0.166  0.170  0.163  0.160  0.157  0.159
-.30    0.502  0.436  0.358  0.276  0.240  0.201  0.197  0.200  0.190  0.190  0.184  0.180
-.40    0.575  0.508  0.371  0.326  0.306  0.262  0.205  0.207  0.197  0.195  0.190  0.187
-.50    0.604  0.530  0.316  0.293  0.281  0.273  0.217  0.197  0.191  0.193  0.190  0.187
-.60    0.565  0.513  0.182  0.209  0.218  0.232  0.214  0.193  0.192  0.190  0.184  0.183
-.70    0.510  0.490  0.155  0.157  0.151  0.184  0.191  0.184  0.185  0.186  0.174  0.172
-.80    0.467  0.413  0.141  0.124  0.116  0.139  0.180  0.183  0.181  0.181  0.170  0.159
-.90    0.405  0.326  0.132  0.120  0.119  0.136  0.177  0.178  0.180  0.175  0.158  0.143
-.95     NaN    NaN   0.088  0.050  0.091  0.109  0.045  0.113  0.073  0.094  0.067  0.064
